<!-- html table generated in R 3.1.1 by xtable 1.7-3 package -->
<!-- Wed Jul 30 14:23:41 2014 -->
<TABLE border=1>
<TR> <TH>  </TH> <TH> pm10 </TH> <TH> pm2.5 </TH> <TH> no2 </TH> <TH> nox </TH> <TH> co </TH> <TH> so2 </TH> <TH> ozone </TH> <TH> benzene </TH>  </TR>
  <TR> <TD align="right"> pm10 </TD> <TD align="right"> 1.000 </TD> <TD align="right"> 0.954 </TD> <TD align="right"> 0.854 </TD> <TD align="right"> 0.856 </TD> <TD align="right"> 0.293 </TD> <TD align="right"> 0.749 </TD> <TD align="right"> 0.435 </TD> <TD align="right"> 0.859 </TD> </TR>
  <TR> <TD align="right"> pm2.5 </TD> <TD align="right"> 0.954 </TD> <TD align="right"> 1.000 </TD> <TD align="right"> 0.865 </TD> <TD align="right"> 0.863 </TD> <TD align="right"> 0.264 </TD> <TD align="right"> 0.752 </TD> <TD align="right"> 0.479 </TD> <TD align="right"> 0.871 </TD> </TR>
  <TR> <TD align="right"> no2 </TD> <TD align="right"> 0.854 </TD> <TD align="right"> 0.865 </TD> <TD align="right"> 1.000 </TD> <TD align="right"> 0.999 </TD> <TD align="right"> 0.405 </TD> <TD align="right"> 0.848 </TD> <TD align="right"> 0.326 </TD> <TD align="right"> 0.945 </TD> </TR>
  <TR> <TD align="right"> nox </TD> <TD align="right"> 0.856 </TD> <TD align="right"> 0.863 </TD> <TD align="right"> 0.999 </TD> <TD align="right"> 1.000 </TD> <TD align="right"> 0.421 </TD> <TD align="right"> 0.846 </TD> <TD align="right"> 0.316 </TD> <TD align="right"> 0.944 </TD> </TR>
  <TR> <TD align="right"> co </TD> <TD align="right"> 0.293 </TD> <TD align="right"> 0.264 </TD> <TD align="right"> 0.405 </TD> <TD align="right"> 0.421 </TD> <TD align="right"> 1.000 </TD> <TD align="right"> 0.221 </TD> <TD align="right"> -0.205 </TD> <TD align="right"> 0.393 </TD> </TR>
  <TR> <TD align="right"> so2 </TD> <TD align="right"> 0.749 </TD> <TD align="right"> 0.752 </TD> <TD align="right"> 0.848 </TD> <TD align="right"> 0.846 </TD> <TD align="right"> 0.221 </TD> <TD align="right"> 1.000 </TD> <TD align="right"> 0.318 </TD> <TD align="right"> 0.844 </TD> </TR>
  <TR> <TD align="right"> ozone </TD> <TD align="right"> 0.435 </TD> <TD align="right"> 0.479 </TD> <TD align="right"> 0.326 </TD> <TD align="right"> 0.316 </TD> <TD align="right"> -0.205 </TD> <TD align="right"> 0.318 </TD> <TD align="right"> 1.000 </TD> <TD align="right"> 0.334 </TD> </TR>
  <TR> <TD align="right"> benzene </TD> <TD align="right"> 0.859 </TD> <TD align="right"> 0.871 </TD> <TD align="right"> 0.945 </TD> <TD align="right"> 0.944 </TD> <TD align="right"> 0.393 </TD> <TD align="right"> 0.844 </TD> <TD align="right"> 0.334 </TD> <TD align="right"> 1.000 </TD> </TR>
   </TABLE>
