<!-- html table generated in R 3.1.1 by xtable 1.7-3 package -->
<!-- Wed Jul 30 14:22:36 2014 -->
<TABLE border=1>
<TR> <TH>  </TH> <TH> pm10 </TH> <TH> pm2.5 </TH> <TH> no2 </TH> <TH> nox </TH> <TH> co </TH> <TH> so2 </TH> <TH> ozone </TH> <TH> benzene </TH>  </TR>
  <TR> <TD align="right"> pm10 </TD> <TD align="right"> 1.000 </TD> <TD align="right"> 0.937 </TD> <TD align="right"> 0.766 </TD> <TD align="right"> 0.717 </TD> <TD align="right"> 0.288 </TD> <TD align="right"> 0.592 </TD> <TD align="right"> 0.360 </TD> <TD align="right"> 0.764 </TD> </TR>
  <TR> <TD align="right"> pm2.5 </TD> <TD align="right"> 0.937 </TD> <TD align="right"> 1.000 </TD> <TD align="right"> 0.805 </TD> <TD align="right"> 0.759 </TD> <TD align="right"> 0.258 </TD> <TD align="right"> 0.605 </TD> <TD align="right"> 0.489 </TD> <TD align="right"> 0.784 </TD> </TR>
  <TR> <TD align="right"> no2 </TD> <TD align="right"> 0.766 </TD> <TD align="right"> 0.805 </TD> <TD align="right"> 1.000 </TD> <TD align="right"> 0.986 </TD> <TD align="right"> 0.472 </TD> <TD align="right"> 0.719 </TD> <TD align="right"> 0.274 </TD> <TD align="right"> 0.858 </TD> </TR>
  <TR> <TD align="right"> nox </TD> <TD align="right"> 0.717 </TD> <TD align="right"> 0.759 </TD> <TD align="right"> 0.986 </TD> <TD align="right"> 1.000 </TD> <TD align="right"> 0.515 </TD> <TD align="right"> 0.694 </TD> <TD align="right"> 0.221 </TD> <TD align="right"> 0.837 </TD> </TR>
  <TR> <TD align="right"> co </TD> <TD align="right"> 0.288 </TD> <TD align="right"> 0.258 </TD> <TD align="right"> 0.472 </TD> <TD align="right"> 0.515 </TD> <TD align="right"> 1.000 </TD> <TD align="right"> 0.259 </TD> <TD align="right"> -0.173 </TD> <TD align="right"> 0.448 </TD> </TR>
  <TR> <TD align="right"> so2 </TD> <TD align="right"> 0.592 </TD> <TD align="right"> 0.605 </TD> <TD align="right"> 0.719 </TD> <TD align="right"> 0.694 </TD> <TD align="right"> 0.259 </TD> <TD align="right"> 1.000 </TD> <TD align="right"> 0.247 </TD> <TD align="right"> 0.711 </TD> </TR>
  <TR> <TD align="right"> ozone </TD> <TD align="right"> 0.360 </TD> <TD align="right"> 0.489 </TD> <TD align="right"> 0.274 </TD> <TD align="right"> 0.221 </TD> <TD align="right"> -0.173 </TD> <TD align="right"> 0.247 </TD> <TD align="right"> 1.000 </TD> <TD align="right"> 0.284 </TD> </TR>
  <TR> <TD align="right"> benzene </TD> <TD align="right"> 0.764 </TD> <TD align="right"> 0.784 </TD> <TD align="right"> 0.858 </TD> <TD align="right"> 0.837 </TD> <TD align="right"> 0.448 </TD> <TD align="right"> 0.711 </TD> <TD align="right"> 0.284 </TD> <TD align="right"> 1.000 </TD> </TR>
   </TABLE>
